0.27 0.28 0.26 0.29 0.0 0.0 0.0 0.0 0.0 0.0 0.27 0.29 0.27 0.31 0.28 0.32 0.26 0.33 0.27 0.36 0.27 0.39 0.27 0.33 0.27 0.36 0.27 0.38 0.26 0.26 0.26 0.26 0.0 0.0 0.27 0.26
0.0 0.0 0.26 0.28 0.27 0.28 0.28 0.31 0.28 0.32 0.25 0.28 0.25 0.31 0.0 0.0 0.27 0.32 0.27 0.35 0.27 0.38 0.26 0.32 0.26 0.36 0.27 0.39 0.0 0.0 0.0 0.0 0.27 0.26 0.26 0.26
0.0 0.0 0.26 0.28 0.27 0.26 0.27 0.29 0.28 0.31 0.25 0.28 0.25 0.29 0.25 0.31 0.27 0.32 0.27 0.35 0.27 0.38 0.26 0.32 0.26 0.35 0.27 0.38 0.0 0.0 0.0 0.0 0.27 0.25 0.26 0.25
0.0 0.0 0.26 0.26 0.27 0.26 0.27 0.28 0.28 0.31 0.25 0.26 0.25 0.28 0.25 0.29 0.27 0.31 0.27 0.33 0.27 0.36 0.26 0.31 0.26 0.33 0.26 0.38 0.0 0.0 0.0 0.0 0.27 0.23 0.25 0.23
0.0 0.0 0.26 0.26 0.27 0.25 0.27 0.28 0.28 0.31 0.25 0.26 0.25 0.28 0.25 0.28 0.27 0.31 0.27 0.33 0.27 0.36 0.26 0.31 0.26 0.35 0.26 0.38 0.0 0.0 0.0 0.0 0.27 0.23 0.25 0.23
0.0 0.0 0.26 0.25 0.27 0.25 0.27 0.28 0.28 0.31 0.25 0.26 0.25 0.28 0.25 0.29 0.27 0.31 0.27 0.33 0.27 0.36 0.25 0.31 0.26 0.35 0.26 0.38 0.0 0.0 0.0 0.0 0.26 0.23 0.25 0.23
0.0 0.0 0.26 0.25 0.27 0.25 0.27 0.28 0.28 0.29 0.25 0.26 0.25 0.28 0.0 0.0 0.27 0.31 0.27 0.33 0.27 0.36 0.25 0.31 0.26 0.33 0.26 0.38 0.0 0.0 0.0 0.0 0.26 0.23 0.25 0.23
0.0 0.0 0.26 0.25 0.27 0.25 0.27 0.28 0.28 0.29 0.25 0.25 0.25 0.28 0.0 0.0 0.27 0.31 0.27 0.33 0.27 0.36 0.25 0.31 0.25 0.33 0.26 0.38 0.0 0.0 0.0 0.0 0.27 0.23 0.25 0.23
0.0 0.0 0.26 0.25 0.27 0.25 0.27 0.28 0.28 0.29 0.25 0.25 0.25 0.28 0.0 0.0 0.27 0.31 0.27 0.33 0.27 0.35 0.25 0.31 0.25 0.33 0.26 0.38 0.0 0.0 0.0 0.0 0.27 0.23 0.25 0.23
0.0 0.0 0.26 0.25 0.27 0.25 0.27 0.28 0.28 0.31 0.25 0.25 0.25 0.28 0.0 0.0 0.27 0.31 0.27 0.33 0.27 0.36 0.25 0.31 0.25 0.33 0.26 0.38 0.0 0.0 0.0 0.0 0.27 0.23 0.25 0.23
0.0 0.0 0.26 0.25 0.27 0.25 0.27 0.28 0.28 0.31 0.25 0.25 0.25 0.28 0.25 0.29 0.27 0.31 0.27 0.33 0.27 0.36 0.25 0.31 0.25 0.33 0.26 0.36 0.0 0.0 0.0 0.0 0.27 0.23 0.25 0.23
0.0 0.0 0.26 0.25 0.27 0.25 0.27 0.28 0.27 0.29 0.25 0.25 0.25 0.28 0.25 0.29 0.27 0.31 0.27 0.33 0.27 0.36 0.25 0.31 0.25 0.33 0.26 0.36 0.0 0.0 0.0 0.0 0.26 0.23 0.25 0.22
0.0 0.0 0.26 0.25 0.27 0.25 0.27 0.28 0.28 0.31 0.25 0.25 0.25 0.28 0.25 0.29 0.27 0.31 0.27 0.33 0.27 0.36 0.25 0.31 0.25 0.33 0.26 0.36 0.0 0.0 0.0 0.0 0.27 0.23 0.25 0.23
0.0 0.0 0.26 0.25 0.27 0.25 0.27 0.28 0.27 0.29 0.25 0.25 0.25 0.28 0.25 0.29 0.27 0.31 0.27 0.33 0.27 0.36 0.25 0.31 0.25 0.33 0.26 0.36 0.0 0.0 0.0 0.0 0.27 0.23 0.25 0.23
0.0 0.0 0.26 0.25 0.27 0.25 0.27 0.28 0.27 0.29 0.25 0.25 0.25 0.28 0.25 0.31 0.27 0.31 0.27 0.33 0.27 0.36 0.25 0.31 0.25 0.33 0.26 0.36 0.0 0.0 0.0 0.0 0.27 0.23 0.25 0.23
0.0 0.0 0.26 0.26 0.27 0.25 0.27 0.29 0.27 0.31 0.25 0.26 0.25 0.29 0.25 0.31 0.27 0.31 0.27 0.33 0.27 0.38 0.25 0.31 0.25 0.33 0.26 0.36 0.0 0.0 0.0 0.0 0.27 0.23 0.26 0.23
0.0 0.0 0.26 0.26 0.27 0.26 0.27 0.29 0.0 0.0 0.25 0.26 0.25 0.29 0.25 0.31 0.27 0.32 0.27 0.35 0.27 0.38 0.25 0.32 0.26 0.35 0.26 0.38 0.0 0.0 0.0 0.0 0.27 0.23 0.26 0.23
0.0 0.0 0.26 0.26 0.27 0.26 0.27 0.29 0.0 0.0 0.25 0.26 0.25 0.29 0.25 0.32 0.27 0.32 0.27 0.35 0.27 0.39 0.26 0.32 0.26 0.35 0.26 0.38 0.0 0.0 0.0 0.0 0.27 0.25 0.26 0.25
0.0 0.0 0.26 0.28 0.27 0.28 0.27 0.29 0.0 0.0 0.25 0.28 0.25 0.31 0.25 0.32 0.27 0.32 0.27 0.35 0.27 0.39 0.26 0.32 0.26 0.35 0.26 0.38 0.0 0.0 0.0 0.0 0.27 0.25 0.26 0.25
0.0 0.0 0.26 0.28 0.27 0.28 0.27 0.29 0.0 0.0 0.25 0.28 0.25 0.31 0.25 0.32 0.27 0.32 0.27 0.36 0.27 0.39 0.26 0.32 0.26 0.35 0.26 0.38 0.0 0.0 0.0 0.0 0.27 0.26 0.26 0.26
0.0 0.0 0.26 0.28 0.27 0.28 0.27 0.31 0.0 0.0 0.25 0.28 0.25 0.31 0.25 0.33 0.27 0.33 0.27 0.36 0.27 0.41 0.26 0.33 0.26 0.36 0.26 0.39 0.0 0.0 0.0 0.0 0.27 0.26 0.26 0.26
0.0 0.0 0.26 0.29 0.27 0.29 0.27 0.31 0.0 0.0 0.25 0.29 0.25 0.32 0.25 0.33 0.27 0.33 0.27 0.36 0.27 0.41 0.26 0.33 0.26 0.36 0.26 0.39 0.0 0.0 0.0 0.0 0.27 0.26 0.26 0.26
0.0 0.0 0.27 0.29 0.27 0.29 0.27 0.31 0.0 0.0 0.25 0.29 0.25 0.32 0.25 0.33 0.27 0.33 0.27 0.38 0.27 0.41 0.26 0.33 0.26 0.36 0.26 0.39 0.0 0.0 0.0 0.0 0.27 0.28 0.26 0.28
0.0 0.0 0.26 0.29 0.27 0.29 0.27 0.32 0.0 0.0 0.25 0.29 0.25 0.32 0.25 0.33 0.27 0.35 0.27 0.38 0.27 0.41 0.26 0.35 0.26 0.36 0.26 0.39 0.0 0.0 0.0 0.0 0.27 0.28 0.26 0.28
0.0 0.0 0.26 0.29 0.27 0.29 0.27 0.32 0.0 0.0 0.25 0.31 0.25 0.32 0.25 0.35 0.27 0.35 0.27 0.38 0.27 0.41 0.26 0.35 0.26 0.38 0.26 0.39 0.0 0.0 0.0 0.0 0.27 0.28 0.26 0.28
0.0 0.0 0.26 0.31 0.27 0.31 0.27 0.32 0.27 0.33 0.25 0.31 0.25 0.33 0.25 0.35 0.27 0.35 0.27 0.38 0.27 0.41 0.26 0.35 0.26 0.38 0.26 0.41 0.0 0.0 0.0 0.0 0.27 0.28 0.26 0.28
0.0 0.0 0.26 0.31 0.27 0.31 0.27 0.32 0.27 0.33 0.25 0.31 0.25 0.33 0.25 0.35 0.27 0.35 0.27 0.38 0.27 0.41 0.26 0.35 0.26 0.38 0.26 0.41 0.0 0.0 0.0 0.0 0.27 0.28 0.26 0.28
0.0 0.0 0.26 0.31 0.27 0.31 0.27 0.32 0.27 0.33 0.25 0.31 0.25 0.33 0.25 0.35 0.27 0.35 0.27 0.38 0.27 0.41 0.26 0.35 0.26 0.38 0.26 0.41 0.0 0.0 0.0 0.0 0.27 0.28 0.25 0.29
0.0 0.0 0.26 0.31 0.27 0.31 0.27 0.32 0.27 0.33 0.25 0.31 0.25 0.33 0.25 0.35 0.27 0.35 0.27 0.38 0.27 0.41 0.26 0.35 0.26 0.38 0.26 0.41 0.0 0.0 0.0 0.0 0.27 0.29 0.26 0.29
0.0 0.0 0.26 0.31 0.27 0.31 0.27 0.33 0.27 0.35 0.25 0.31 0.25 0.33 0.25 0.35 0.27 0.35 0.27 0.38 0.27 0.41 0.26 0.35 0.26 0.38 0.26 0.41 0.0 0.0 0.0 0.0 0.27 0.29 0.26 0.29
0.0 0.0 0.26 0.31 0.27 0.31 0.27 0.33 0.27 0.35 0.25 0.31 0.25 0.33 0.25 0.35 0.27 0.35 0.27 0.38 0.27 0.41 0.26 0.35 0.26 0.38 0.26 0.41 0.0 0.0 0.0 0.0 0.27 0.28 0.26 0.29
0.0 0.0 0.26 0.31 0.27 0.31 0.27 0.33 0.27 0.35 0.25 0.31 0.25 0.33 0.25 0.35 0.27 0.35 0.27 0.38 0.27 0.41 0.26 0.35 0.26 0.38 0.26 0.41 0.0 0.0 0.0 0.0 0.27 0.28 0.26 0.28
0.0 0.0 0.26 0.31 0.27 0.31 0.27 0.32 0.28 0.35 0.25 0.31 0.25 0.33 0.25 0.35 0.27 0.35 0.27 0.38 0.27 0.41 0.26 0.35 0.26 0.38 0.26 0.41 0.0 0.0 0.0 0.0 0.27 0.28 0.26 0.28
0.0 0.0 0.27 0.31 0.27 0.31 0.27 0.32 0.28 0.35 0.25 0.31 0.25 0.33 0.0 0.0 0.27 0.35 0.27 0.38 0.27 0.41 0.26 0.35 0.26 0.38 0.27 0.41 0.0 0.0 0.0 0.0 0.27 0.28 0.26 0.28
0.0 0.0 0.27 0.31 0.27 0.31 0.28 0.33 0.28 0.35 0.25 0.31 0.25 0.32 0.25 0.33 0.27 0.35 0.27 0.38 0.27 0.41 0.26 0.35 0.27 0.38 0.27 0.41 0.0 0.0 0.0 0.0 0.27 0.29 0.26 0.29
0.0 0.0 0.27 0.31 0.27 0.31 0.28 0.33 0.28 0.35 0.26 0.31 0.25 0.32 0.26 0.33 0.27 0.35 0.27 0.38 0.27 0.41 0.26 0.35 0.27 0.38 0.27 0.42 0.0 0.0 0.0 0.0 0.27 0.29 0.26 0.29
0.0 0.0 0.27 0.31 0.27 0.31 0.28 0.32 0.29 0.35 0.26 0.31 0.25 0.32 0.26 0.33 0.27 0.35 0.27 0.38 0.27 0.41 0.26 0.35 0.27 0.38 0.27 0.41 0.0 0.0 0.0 0.0 0.27 0.29 0.26 0.29
0.0 0.0 0.27 0.31 0.27 0.31 0.28 0.32 0.29 0.35 0.26 0.31 0.25 0.32 0.26 0.32 0.27 0.35 0.27 0.38 0.27 0.41 0.27 0.35 0.27 0.38 0.27 0.41 0.0 0.0 0.0 0.0 0.27 0.29 0.27 0.29
0.0 0.0 0.27 0.31 0.27 0.31 0.28 0.33 0.29 0.35 0.26 0.31 0.26 0.32 0.0 0.0 0.27 0.35 0.28 0.38 0.28 0.41 0.27 0.35 0.27 0.38 0.27 0.42 0.0 0.0 0.0 0.0 0.27 0.29 0.27 0.29
0.0 0.0 0.27 0.31 0.28 0.31 0.29 0.33 0.29 0.35 0.26 0.31 0.26 0.32 0.26 0.33 0.27 0.35 0.28 0.38 0.28 0.41 0.27 0.35 0.27 0.38 0.27 0.41 0.0 0.0 0.0 0.0 0.27 0.29 0.27 0.29
0.0 0.0 0.27 0.31 0.28 0.31 0.29 0.32 0.29 0.35 0.27 0.31 0.26 0.32 0.0 0.0 0.27 0.35 0.28 0.38 0.28 0.39 0.27 0.35 0.27 0.38 0.27 0.41 0.0 0.0 0.0 0.0 0.27 0.29 0.27 0.29
0.0 0.0 0.27 0.31 0.28 0.31 0.29 0.32 0.29 0.33 0.27 0.31 0.26 0.32 0.27 0.32 0.28 0.35 0.28 0.38 0.28 0.39 0.27 0.35 0.27 0.38 0.27 0.41 0.0 0.0 0.0 0.0 0.27 0.28 0.27 0.28
0.0 0.0 0.27 0.31 0.28 0.31 0.29 0.32 0.29 0.33 0.27 0.31 0.26 0.32 0.27 0.33 0.28 0.35 0.28 0.36 0.28 0.39 0.27 0.35 0.27 0.38 0.27 0.41 0.0 0.0 0.0 0.0 0.27 0.28 0.27 0.28
0.0 0.0 0.27 0.31 0.28 0.31 0.29 0.32 0.29 0.33 0.27 0.31 0.26 0.32 0.27 0.33 0.28 0.35 0.28 0.36 0.28 0.39 0.27 0.35 0.27 0.38 0.27 0.41 0.0 0.0 0.0 0.0 0.28 0.28 0.27 0.28
0.0 0.0 0.27 0.31 0.28 0.31 0.29 0.32 0.3 0.33 0.27 0.31 0.26 0.32 0.27 0.33 0.28 0.35 0.28 0.36 0.28 0.39 0.27 0.35 0.27 0.36 0.27 0.41 0.0 0.0 0.0 0.0 0.28 0.28 0.27 0.28
0.0 0.0 0.27 0.29 0.28 0.29 0.29 0.32 0.3 0.33 0.27 0.31 0.27 0.32 0.27 0.33 0.28 0.35 0.28 0.36 0.28 0.39 0.27 0.35 0.27 0.36 0.27 0.39 0.0 0.0 0.0 0.0 0.28 0.28 0.27 0.28
0.0 0.0 0.28 0.29 0.29 0.29 0.29 0.32 0.3 0.33 0.27 0.29 0.27 0.32 0.27 0.33 0.28 0.33 0.28 0.36 0.28 0.39 0.27 0.35 0.27 0.36 0.27 0.39 0.0 0.0 0.0 0.0 0.28 0.28 0.27 0.28
0.0 0.0 0.28 0.29 0.29 0.29 0.29 0.32 0.29 0.33 0.27 0.29 0.27 0.32 0.27 0.33 0.28 0.33 0.28 0.36 0.28 0.39 0.27 0.33 0.27 0.36 0.27 0.39 0.0 0.0 0.0 0.0 0.28 0.28 0.27 0.28
0.0 0.0 0.27 0.29 0.29 0.29 0.29 0.32 0.29 0.33 0.27 0.29 0.27 0.32 0.27 0.33 0.28 0.33 0.28 0.36 0.28 0.39 0.27 0.33 0.27 0.36 0.27 0.39 0.0 0.0 0.0 0.0 0.28 0.28 0.27 0.28
0.0 0.0 0.27 0.29 0.28 0.29 0.29 0.32 0.29 0.33 0.27 0.29 0.27 0.32 0.27 0.33 0.28 0.33 0.28 0.36 0.28 0.39 0.27 0.33 0.27 0.36 0.27 0.39 0.0 0.0 0.0 0.0 0.28 0.28 0.27 0.28
0.0 0.0 0.27 0.29 0.28 0.29 0.29 0.31 0.29 0.32 0.27 0.29 0.27 0.32 0.26 0.33 0.28 0.33 0.28 0.36 0.28 0.39 0.27 0.33 0.27 0.36 0.27 0.38 0.0 0.0 0.0 0.0 0.28 0.28 0.27 0.28
0.0 0.0 0.27 0.29 0.28 0.29 0.29 0.31 0.28 0.32 0.27 0.29 0.27 0.31 0.26 0.33 0.28 0.33 0.28 0.36 0.28 0.39 0.27 0.33 0.27 0.36 0.27 0.38 0.0 0.0 0.0 0.0 0.27 0.28 0.27 0.28
0.0 0.0 0.27 0.29 0.28 0.29 0.29 0.31 0.28 0.32 0.27 0.29 0.27 0.31 0.26 0.33 0.28 0.33 0.28 0.36 0.28 0.39 0.27 0.33 0.27 0.36 0.27 0.38 0.0 0.0 0.0 0.0 0.27 0.28 0.27 0.28
0.0 0.0 0.27 0.29 0.28 0.29 0.29 0.31 0.28 0.32 0.27 0.29 0.26 0.32 0.26 0.33 0.28 0.33 0.28 0.36 0.28 0.39 0.27 0.33 0.27 0.36 0.27 0.39 0.0 0.0 0.0 0.0 0.27 0.28 0.27 0.28
0.0 0.0 0.27 0.29 0.28 0.29 0.28 0.31 0.28 0.32 0.27 0.29 0.26 0.32 0.26 0.33 0.28 0.33 0.28 0.36 0.28 0.39 0.27 0.33 0.27 0.36 0.27 0.38 0.0 0.0 0.0 0.0 0.27 0.28 0.27 0.28
0.0 0.0 0.27 0.29 0.28 0.29 0.28 0.31 0.28 0.32 0.26 0.29 0.26 0.32 0.26 0.33 0.27 0.33 0.28 0.36 0.28 0.39 0.27 0.33 0.27 0.36 0.27 0.38 0.0 0.0 0.0 0.0 0.27 0.28 0.27 0.28
0.0 0.0 0.27 0.29 0.0 0.0 0.0 0.0 0.0 0.0 0.26 0.29 0.26 0.32 0.26 0.33 0.27 0.33 0.28 0.36 0.28 0.39 0.27 0.33 0.27 0.36 0.27 0.38 0.0 0.0 0.0 0.0 0.0 0.0 0.27 0.28
0.0 0.0 0.27 0.29 0.27 0.29 0.28 0.31 0.0 0.0 0.26 0.29 0.26 0.32 0.26 0.33 0.27 0.33 0.28 0.36 0.28 0.39 0.27 0.33 0.27 0.36 0.27 0.38 0.0 0.0 0.0 0.0 0.27 0.28 0.27 0.28
0.0 0.0 0.27 0.29 0.27 0.29 0.28 0.31 0.0 0.0 0.26 0.29 0.26 0.32 0.26 0.33 0.27 0.33 0.27 0.36 0.27 0.39 0.27 0.33 0.27 0.36 0.27 0.38 0.0 0.0 0.0 0.0 0.27 0.28 0.26 0.28
0.0 0.0 0.27 0.29 0.27 0.29 0.28 0.31 0.27 0.32 0.26 0.29 0.26 0.32 0.25 0.33 0.27 0.33 0.27 0.36 0.27 0.39 0.27 0.33 0.27 0.36 0.27 0.38 0.0 0.0 0.0 0.0 0.27 0.28 0.26 0.28
0.0 0.0 0.27 0.29 0.27 0.29 0.28 0.31 0.27 0.32 0.26 0.29 0.26 0.32 0.25 0.33 0.27 0.33 0.27 0.35 0.27 0.39 0.27 0.33 0.27 0.36 0.27 0.38 0.0 0.0 0.0 0.0 0.27 0.28 0.26 0.28
0.0 0.0 0.27 0.29 0.27 0.29 0.27 0.31 0.27 0.32 0.26 0.29 0.25 0.32 0.25 0.33 0.27 0.33 0.27 0.35 0.27 0.38 0.26 0.33 0.26 0.35 0.27 0.38 0.0 0.0 0.0 0.0 0.27 0.28 0.26 0.28
0.0 0.0 0.27 0.29 0.27 0.29 0.27 0.31 0.27 0.32 0.26 0.29 0.25 0.32 0.25 0.33 0.27 0.33 0.27 0.35 0.27 0.38 0.26 0.33 0.26 0.35 0.27 0.38 0.0 0.0 0.0 0.0 0.27 0.28 0.26 0.28
0.0 0.0 0.27 0.29 0.27 0.29 0.27 0.31 0.0 0.0 0.25 0.29 0.25 0.31 0.25 0.33 0.27 0.33 0.27 0.35 0.27 0.38 0.26 0.33 0.26 0.35 0.27 0.38 0.0 0.0 0.0 0.0 0.27 0.26 0.26 0.28
0.0 0.0 0.27 0.28 0.27 0.28 0.27 0.31 0.27 0.32 0.25 0.29 0.25 0.31 0.25 0.32 0.27 0.33 0.27 0.35 0.27 0.36 0.26 0.33 0.26 0.35 0.27 0.38 0.0 0.0 0.0 0.0 0.27 0.26 0.26 0.26
0.0 0.0 0.27 0.28 0.27 0.28 0.27 0.31 0.27 0.33 0.25 0.28 0.25 0.31 0.25 0.32 0.27 0.32 0.27 0.35 0.27 0.36 0.26 0.33 0.26 0.35 0.27 0.38 0.0 0.0 0.0 0.0 0.27 0.26 0.26 0.26
0.0 0.0 0.26 0.28 0.27 0.28 0.27 0.31 0.27 0.32 0.25 0.28 0.25 0.31 0.25 0.32 0.27 0.32 0.27 0.35 0.27 0.36 0.26 0.32 0.26 0.35 0.27 0.38 0.0 0.0 0.0 0.0 0.27 0.26 0.26 0.26
0.0 0.0 0.26 0.28 0.27 0.28 0.27 0.29 0.27 0.31 0.25 0.28 0.25 0.31 0.25 0.32 0.27 0.32 0.27 0.35 0.27 0.36 0.26 0.32 0.26 0.35 0.27 0.38 0.0 0.0 0.0 0.0 0.27 0.26 0.26 0.26
0.0 0.0 0.26 0.28 0.27 0.28 0.27 0.29 0.27 0.31 0.25 0.28 0.25 0.29 0.25 0.32 0.27 0.32 0.27 0.33 0.27 0.36 0.26 0.32 0.26 0.33 0.27 0.38 0.0 0.0 0.0 0.0 0.26 0.25 0.26 0.25
0.0 0.0 0.26 0.28 0.27 0.28 0.27 0.29 0.27 0.31 0.25 0.28 0.25 0.29 0.25 0.31 0.27 0.32 0.27 0.33 0.27 0.36 0.26 0.32 0.26 0.35 0.27 0.36 0.0 0.0 0.0 0.0 0.27 0.25 0.26 0.25
0.0 0.0 0.26 0.28 0.27 0.26 0.27 0.29 0.28 0.31 0.25 0.28 0.25 0.29 0.25 0.31 0.27 0.31 0.27 0.33 0.27 0.36 0.26 0.32 0.26 0.33 0.27 0.36 0.0 0.0 0.0 0.0 0.27 0.25 0.26 0.25
0.0 0.0 0.26 0.26 0.27 0.26 0.27 0.29 0.28 0.31 0.25 0.28 0.25 0.29 0.0 0.0 0.27 0.31 0.27 0.33 0.27 0.36 0.26 0.31 0.26 0.33 0.27 0.36 0.0 0.0 0.0 0.0 0.27 0.25 0.26 0.25
0.0 0.0 0.26 0.26 0.27 0.26 0.27 0.29 0.28 0.31 0.25 0.28 0.25 0.29 0.0 0.0 0.27 0.31 0.27 0.33 0.27 0.36 0.26 0.31 0.26 0.33 0.27 0.36 0.0 0.0 0.0 0.0 0.27 0.25 0.26 0.25
0.0 0.0 0.26 0.26 0.27 0.26 0.27 0.29 0.28 0.31 0.25 0.26 0.25 0.28 0.25 0.29 0.27 0.31 0.27 0.33 0.27 0.36 0.26 0.31 0.26 0.33 0.27 0.36 0.0 0.0 0.0 0.0 0.27 0.25 0.26 0.25
0.0 0.0 0.26 0.26 0.27 0.26 0.27 0.29 0.28 0.31 0.25 0.28 0.25 0.29 0.0 0.0 0.27 0.31 0.27 0.33 0.27 0.36 0.26 0.31 0.26 0.33 0.27 0.36 0.0 0.0 0.0 0.0 0.27 0.25 0.26 0.25
0.0 0.0 0.27 0.26 0.0 0.0 0.0 0.0 0.0 0.0 0.25 0.28 0.25 0.29 0.0 0.0 0.27 0.31 0.27 0.33 0.27 0.36 0.26 0.32 0.26 0.33 0.27 0.36 0.0 0.0 0.0 0.0 0.0 0.0 0.26 0.25
0.0 0.0 0.27 0.26 0.0 0.0 0.0 0.0 0.0 0.0 0.25 0.28 0.25 0.29 0.0 0.0 0.27 0.31 0.27 0.33 0.27 0.36 0.26 0.31 0.26 0.33 0.27 0.36 0.0 0.0 0.0 0.0 0.0 0.0 0.26 0.25
0.0 0.0 0.27 0.26 0.27 0.26 0.27 0.29 0.28 0.31 0.26 0.28 0.25 0.29 0.0 0.0 0.27 0.31 0.27 0.33 0.27 0.36 0.26 0.31 0.26 0.33 0.27 0.36 0.0 0.0 0.0 0.0 0.27 0.25 0.26 0.25
0.0 0.0 0.27 0.26 0.0 0.0 0.0 0.0 0.0 0.0 0.25 0.26 0.25 0.29 0.0 0.0 0.27 0.31 0.27 0.33 0.27 0.36 0.26 0.31 0.26 0.33 0.27 0.36 0.0 0.0 0.0 0.0 0.0 0.0 0.26 0.25
0.0 0.0 0.26 0.26 0.27 0.26 0.27 0.29 0.27 0.31 0.25 0.26 0.25 0.29 0.0 0.0 0.27 0.31 0.27 0.33 0.27 0.35 0.26 0.31 0.26 0.33 0.26 0.36 0.0 0.0 0.0 0.0 0.27 0.25 0.26 0.25
0.0 0.0 0.27 0.26 0.0 0.0 0.0 0.0 0.0 0.0 0.25 0.26 0.25 0.29 0.25 0.31 0.27 0.31 0.27 0.33 0.27 0.35 0.26 0.31 0.26 0.33 0.26 0.36 0.0 0.0 0.0 0.0 0.0 0.0 0.26 0.25
0.0 0.0 0.27 0.26 0.27 0.26 0.27 0.29 0.27 0.31 0.25 0.26 0.25 0.29 0.25 0.31 0.27 0.31 0.27 0.33 0.27 0.35 0.26 0.31 0.26 0.33 0.26 0.35 0.0 0.0 0.0 0.0 0.27 0.25 0.26 0.25
0.0 0.0 0.27 0.26 0.27 0.26 0.27 0.28 0.27 0.31 0.25 0.26 0.25 0.29 0.25 0.31 0.27 0.31 0.27 0.33 0.27 0.35 0.26 0.31 0.26 0.32 0.26 0.35 0.0 0.0 0.0 0.0 0.27 0.25 0.26 0.25
0.0 0.0 0.27 0.26 0.0 0.0 0.0 0.0 0.0 0.0 0.25 0.26 0.25 0.29 0.25 0.31 0.27 0.31 0.27 0.32 0.27 0.35 0.26 0.31 0.26 0.33 0.26 0.35 0.0 0.0 0.0 0.0 0.0 0.0 0.26 0.25
0.0 0.0 0.27 0.26 0.0 0.0 0.0 0.0 0.0 0.0 0.25 0.26 0.25 0.28 0.25 0.29 0.27 0.31 0.27 0.32 0.27 0.35 0.26 0.31 0.26 0.32 0.26 0.35 0.0 0.0 0.0 0.0 0.0 0.0 0.26 0.25
0.0 0.0 0.26 0.26 0.27 0.26 0.27 0.28 0.27 0.29 0.25 0.26 0.25 0.28 0.25 0.31 0.27 0.29 0.27 0.32 0.27 0.35 0.26 0.31 0.26 0.32 0.26 0.35 0.0 0.0 0.0 0.0 0.27 0.23 0.26 0.25
0.0 0.0 0.26 0.26 0.27 0.25 0.27 0.28 0.27 0.29 0.25 0.26 0.25 0.28 0.25 0.29 0.27 0.29 0.27 0.32 0.27 0.35 0.26 0.29 0.26 0.32 0.26 0.35 0.0 0.0 0.0 0.0 0.27 0.23 0.26 0.23
0.0 0.0 0.26 0.25 0.27 0.25 0.27 0.28 0.0 0.0 0.25 0.26 0.25 0.28 0.25 0.29 0.27 0.29 0.27 0.32 0.27 0.35 0.26 0.29 0.26 0.32 0.26 0.35 0.0 0.0 0.0 0.0 0.26 0.23 0.26 0.23
0.0 0.0 0.26 0.25 0.27 0.25 0.27 0.28 0.27 0.28 0.25 0.25 0.25 0.28 0.25 0.29 0.26 0.29 0.27 0.32 0.27 0.35 0.25 0.29 0.25 0.32 0.26 0.33 0.0 0.0 0.0 0.0 0.26 0.23 0.25 0.23
0.0 0.0 0.26 0.25 0.27 0.25 0.27 0.26 0.27 0.28 0.25 0.25 0.25 0.28 0.25 0.29 0.26 0.29 0.27 0.32 0.27 0.33 0.25 0.29 0.25 0.32 0.25 0.33 0.0 0.0 0.0 0.0 0.26 0.23 0.25 0.23
0.0 0.0 0.26 0.25 0.27 0.25 0.27 0.26 0.27 0.28 0.25 0.25 0.25 0.28 0.25 0.29 0.27 0.29 0.27 0.32 0.27 0.33 0.25 0.29 0.25 0.32 0.25 0.33 0.0 0.0 0.0 0.0 0.26 0.23 0.25 0.23
0.0 0.0 0.26 0.25 0.27 0.25 0.27 0.26 0.27 0.28 0.25 0.25 0.25 0.28 0.25 0.29 0.27 0.29 0.27 0.32 0.27 0.35 0.25 0.29 0.25 0.32 0.25 0.33 0.0 0.0 0.0 0.0 0.26 0.23 0.25 0.23
0.0 0.0 0.26 0.25 0.27 0.25 0.27 0.26 0.27 0.28 0.25 0.25 0.25 0.28 0.25 0.29 0.27 0.29 0.27 0.32 0.27 0.35 0.25 0.29 0.25 0.32 0.25 0.33 0.0 0.0 0.0 0.0 0.26 0.23 0.25 0.23
0.0 0.0 0.26 0.25 0.27 0.25 0.27 0.26 0.27 0.28 0.25 0.25 0.25 0.28 0.25 0.29 0.27 0.29 0.27 0.32 0.27 0.35 0.25 0.29 0.25 0.32 0.25 0.33 0.0 0.0 0.0 0.0 0.26 0.23 0.25 0.23
0.0 0.0 0.26 0.25 0.27 0.25 0.27 0.26 0.27 0.28 0.25 0.25 0.25 0.28 0.25 0.29 0.27 0.29 0.27 0.32 0.27 0.35 0.25 0.29 0.26 0.32 0.25 0.33 0.0 0.0 0.0 0.0 0.26 0.23 0.25 0.23
0.0 0.0 0.26 0.25 0.27 0.25 0.27 0.26 0.27 0.28 0.25 0.26 0.25 0.28 0.25 0.29 0.27 0.29 0.27 0.32 0.27 0.35 0.25 0.29 0.26 0.32 0.26 0.33 0.0 0.0 0.0 0.0 0.26 0.23 0.25 0.23